1.331675 13
0.007531 32
2.532695 2
0.062988 30
0.015873 71
10.496282 20
0.791969 33
0.013317 71
0.987126 1
0.172502 1
0.211092 1
0.818873 1
0.193530 1
1.913732 1
0.086182 1
2.914768 4
0.500070 4
0.032425 4
0.028349 4
0.029407 4
0.030626 4
0.030395 4
0.029334 1
0.029607 1
0.030336 1
0.030111 1
0.030237 1
0.029778 1
0.036662 1
0.022899 1
0.031725 1
0.029497 1
0.028873 1
40.919350 1
0.166697 1
0.285769 1
1.419786 1
0.272439 1
0.344367 4
1.140432 2
0.000102 9
0.011330 77
4.729965 20
1.354080 33
0.015020 77
13.527588 73
0.000821 73
4.659182 73
0.000618 73
4.458962 1
0.192054 1
0.286505 1
0.367648 1
0.160968 1
0.052057 1
2.040531 1
0.090610 1
0.237011 1
0.316957 1
0.609673 1
0.522312 1
0.302176 1
0.313015 1
1.039701 11
0.014209 77
15.186927 1
0.155240 1
0.146274 1
1.570688 1
0.088232 1
0.343692 1
1.249525 1
0.082558 1
0.517462 127
1.853549 1
1.316898 1
0.437919 2
0.000039 9
0.013376 83
1.861472 1
0.160111 1
0.554874 1
0.290568 1
0.618468 1
0.133260 1
1.654285 1
0.081512 1
0.226118 1
0.156547 1
0.729441 1
0.387444 4
0.488116 1
0.432974 1
0.156877 1
0.119641 1
0.559075 2
0.000012 9
0.012703 83
10.332243 71
1.197397 134
0.009898 83
14.580762 1
0.302355 1
0.356105 1
0.142201 1
1.202079 1
0.101134 1
0.467228 1
0.217121 1
0.652893 1
0.739889 1
0.149439 1
0.116786 1
0.544284 2
0.000029 9
0.001824 28
0.011392 83
6.888383 79
0.000508 79
3.769627 79
0.000676 79
168.582330 79
0.000982 79
1.986969 79
0.001651 79
2.118336 1
0.062088 1
0.317346 1
0.567797 1
0.215061 1
2.503844 1
0.135153 1
0.423632 1
0.105524 1
0.478860 4
0.130648 4
0.750688 1
0.182485 1
0.437119 1
1.542669 1
0.282056 1
0.282283 1
0.302773 1
0.719431 1
0.778736 1
0.151418 1
0.127409 1
0.850435 2
0.000016 9
0.016086 83
2.586354 1
0.297200 1
0.191048 1
0.258504 1
1.691710 1
0.167415 1
0.237053 1
0.544216 1
0.382224 1
0.343349 9
0.840074 2
0.000039 9
0.002106 35
0.012418 83
112.307540 79
0.000507 79
81.230952 158
1.446182 79
0.000600 79
2.621953 2
0.633815 2
0.808804 4
0.142632 4
0.533012 1
1.430123 1
0.594436 1
0.793663 1
0.162727 1
0.336576 1
0.156734 1
3.397664 1
0.151988 1
0.478197 1
0.252787 1
0.259439 1
1.751227 1
0.210946 1
5.582513 1
0.417855 1
1.814055 1
0.187292 1
0.176927 1
0.864082 1
0.880141 1
0.182165 1
0.678904 1
0.191314 1
0.432900 1
0.281824 1
0.317455 1
1.030112 11
0.020557 83
4.148157 1
0.250399 1
0.348360 1
0.174915 1
1.738874 1
0.528911 1
0.353563 12
0.955111 11
0.015833 83
17.804911 1
0.177533 1
0.378828 1
3.821160 4
0.149973 4
0.127043 1
0.488130 1
0.166639 1
1.301525 1
1.239558 1
0.127151 1
0.552098 4
0.136496 4
0.709389 1
0.086661 1
1.483286 1
0.202078 1
0.576874 12
0.987148 11
0.021298 8
0.000327 67
0.000680 63
0.000066 52
0.000006 6
0.000895 97
0.000206 368
0.000016 17
1.002190 6
0.000039 28
0.000475 18
0.015271 6
0.000144 13
0.005047 6
0.000055 12
0.000010 1
0.106870 6
0.000018 13
0.111398 6
0.000060 12
0.000039 1
0.010376 6
0.000081 13
0.105804 6
0.000103 13
2.120614 6
0.000055 12
0.000023 3
0.230374 18
0.000020 3
0.141177 18
0.000017 1
0.121404 6
0.000057 13
0.126383 6
0.000060 12
0.000034 3
0.105817 6
0.000039 12
0.000042 3
0.122230 6
0.000021 12
0.000036 4
0.765263 19
0.620981 6
0.000054 12
0.000029 1
0.158628 6
0.000058 13
0.156254 6
0.000050 13
0.156351 6
0.000059 13
0.171090 6
0.000086 21
0.000029 7
0.177733 6
0.000023 12
0.000036 1
0.523542 6
0.000105 17
1.679673 6
0.000104 13
0.125609 6
0.000019 13
0.125529 6
0.000132 13
0.115037 6
0.000097 13
0.145587 6
0.000061 12
0.000036 1
0.175823 6
0.000042 12
0.000032 1
0.598268 6
0.000015 13
0.678480 6
0.000094 17
1.533828 6
0.000034 13
0.115725 6
0.000039 13
0.125179 6
0.000035 12
0.000016 1
0.122449 6
0.000021 13
0.125154 6
0.000139 13
0.130834 6
0.000020 13
1.005065 6
0.000141 13
0.659290 6
0.000129 17
0.951080 6
0.000041 13
0.160863 6
0.000037 13
0.145353 6
0.000047 13
0.161466 19
0.164835 6
0.000068 12
0.000022 1
0.172319 18
0.000023 1
2.810046 6
0.000115 226
1.558305 6
0.000251 46
0.000060 277
0.000073 85
0.995761 6
0.000272 47
0.005054 86
0.000166 61
0.013369 83
1.310709 19
0.197459 71
0.500882 11
0.001677 35
0.011108 83
112.462563 35
1.325874 63
0.019521 83
1.076677 1
0.260883 1
0.382489 1
0.156451 1
2.844163 1
0.212260 1
0.627971 1
0.235922 1
1.443080 1
0.281849 1
0.324058 4
0.723444 2
0.000014 9
0.002189 35
0.012468 83
97.916880 1
0.141580 1
0.468715 1
0.051114 1
1.384787 1
0.226529 1
0.873490 1
0.167068 1
0.201686 1
0.182673 1
0.838476 1
0.904894 1
0.180479 1
0.116718 1
1.127836 11
0.020807 83
0.206453 1
0.255655 1
0.392630 1
1.167822 1
0.644330 1
0.915178 1
0.319618 7
0.858081 11
0.002067 47
0.013234 8
0.000022 75
274.488004 124
1.502919 221
0.000023 9
0.003967 14
0.023562 83
46.597277 75
1.789440 138
0.003253 14
0.012245 83
11.356575 48
1.497130 1
0.406717 1
0.866947 4
0.404147 1
0.476352 4
2.363776 1
0.439192 1
0.709339 1
0.321983 1
0.131387 1
0.151531 1
0.180816 1
2.553250 1
0.115557 1
0.490781 1
2.245288 3
0.827717 3
12.064459 3
1.941639 3
0.925822 7
0.323627 3
0.682693 3
1.106780 3
0.667547 2
0.000017 9
0.163339 595
0.023485 83
3.599574 63
1.939577 1
0.166347 1
0.122396 1
0.104815 1
0.127785 1
0.120518 1
0.126393 1
0.125742 1
0.131133 1
1.175030 5
0.360241 3
0.202894 3
0.500092 3
0.031428 3
0.122174 3
0.156819 3
0.172692 3
0.109622 3
0.172564 3
0.644986 11
0.008245 94
0.012952 83
15.849560 62
10.511606 1
1.249381 3
0.897626 3
0.541619 11
0.003347 14
0.012457 83
9.783888 63
5.293668 1
0.631212 1
0.552324 1
0.713944 1
0.207198 1
0.166177 1
0.190014 1
0.909407 1
0.116151 1
0.761396 1
3.535726 3
0.207696 3
1.509030 3
1.078470 3
2.076173 3
0.181526 3
6.785349 3
1.259576 2
0.000016 9
0.003671 14
0.012277 83
7.904201 78
1.163502 1
0.464109 1
0.502792 1
0.436626 1
0.202517 1
0.276966 1
0.222102 1
0.965156 1
0.117739 1
0.729704 1
1.009179 3
0.206147 3
3.513551 3
1.437494 3
0.881259 3
1.161622 3
0.349977 3
0.541958 2
0.000036 9
0.004422 14
0.012798 83
2.978060 93
0.838180 1
0.643324 1
0.392141 1
2.391770 1
0.105599 1
0.441497 1
1.825337 3
0.202604 3
1.866549 3
1.966811 3
1.116663 3
0.679200 3
0.444784 3
0.481256 2
0.000040 9
0.003539 70
0.012684 83
5.397123 104
0.578284 1
0.131329 1
0.120769 1
0.122801 1
0.124633 1
0.131820 1
0.131548 1
0.126526 1
0.404806 1
0.824867 19
0.191270 200
0.201755 202
0.786630 1
0.141983 1
0.152173 1
0.305972 1
0.642190 194
0.748343 197
0.379670 3
0.123934 196
0.344100 3
0.500363 3
0.031935 3
0.027961 3
0.030288 3
0.030984 3
0.029411 3
0.029185 3
0.030374 3
0.030514 3
0.028872 3
0.030282 3
0.030458 1
0.030034 1
0.028747 1
0.820757 2
0.000056 9
0.005072 14
0.013247 83
2.028386 108
1.325364 1
0.841277 1
0.361902 1
0.383762 1
0.201245 1
0.126904 1
0.166611 1
0.749537 1
0.126827 1
0.427059 1
0.845958 3
0.216671 3
2.915019 3
0.523400 3
1.858555 3
1.370403 3
1.070095 7
0.324192 3
0.383476 3
0.682630 2
0.000040 9
0.004956 14
0.013221 83
140.004461 45
1.496211 150
0.126512 1
0.126247 1
0.153136 1
1.734909 177
0.839097 226
0.880694 3
1.064608 179
2.296645 182
2.746047 3
1.058478 3
0.275048 3
0.500508 3
0.637168 12
0.003163 11
0.025160 83
196.726599 1
0.175893 1
0.416816 1
0.177015 1
0.236166 1
0.069891 1
0.358555 4
0.156026 4
0.111796 4
0.101367 4
0.126433 4
0.125811 4
0.116686 1
0.130401 1
0.679501 1
0.272236 1
0.849727 1
0.859146 1
0.137383 1
0.250198 1
1.131658 4
0.161485 4
0.900603 1
0.121199 1
9.790812 1
0.325274 1
0.327151 1
0.534321 1
0.482608 1
0.201430 1
0.266814 1
0.116354 1
0.433039 4
1.417243 1
2.799803 11
0.157883 296
0.022526 83
5.188066 14
0.408437 1
0.500286 1
0.089076 1
0.145090 1
0.111319 1
0.125717 1
0.120331 1
0.116822 1
0.145246 1
0.731374 23
0.120550 19
0.199083 3
0.500517 3
0.029444 3
0.030176 3
0.030539 3
0.031000 3
0.029772 3
0.029813 3
0.029192 3
0.030873 1
0.029092 1
0.030665 1
0.451570 2
0.000034 9
0.015840 83
2.837917 1
0.824814 1
0.191895 1
1.026858 1
0.446777 8
0.762952 2
0.000019 9
0.012238 92
6.114093 1
0.210755 1
0.503062 1
0.267141 1
0.468418 1
12.186877 4
0.217884 4
0.130801 4
0.120571 4
0.115848 4
0.124845 1
6.550471 69
2.027572 141
0.030875 92
5.746662 1
0.195525 1
0.181533 11
0.012484 71
8.303132 1
0.162650 1
0.175350 1
1.689252 1
0.396540 1
0.270328 4
1.980487 1
0.091185 1
0.286758 1
2.572423 1
0.124661 1
0.780372 1
0.326187 1
1.679648 1
0.151745 8
1.822386 11
0.011780 92
1.149778 1
0.135650 1
0.211852 2
0.000019 9
0.002920 70
0.013747 92
77.672431 1